        0.006743738215032
        0.001312892322173
       -0.000257536119918
        0.007881028323392
       -0.000000008492206
       -0.000290431668215
        0.000000000031004
        0.000000000000000
       -0.000000000003971
        0.000000000037507
        0.000000000007289
       -0.000000000003887
        0.027430263133194
        0.000883207750997
       -0.000506136460613
        0.027430237206644
       -0.000000034829504
       -0.000506381674018
        0.006743730761012
       -0.001312898105793
       -0.000257544065156
        0.000000000037507
       -0.000000000007289
       -0.000000000003887
        0.048101720174481
        0.001130977337494
       -0.000241733381290
        0.046927641336777
       -0.000000062208012
       -0.000299175605780
        0.027430326891647
       -0.000883277307881
       -0.000506136283016
        0.048101722143935
       -0.001131116767901
       -0.000241725990985
        0.053877947099537
       -0.000000078847549
       -0.000017784303963
        0.058011423915940
        0.002781671582441
       -0.000184274695067
        0.058011430414645
       -0.002781829681929
       -0.000184276364092
        0.007582186906681
        0.000801244429572
       -0.000226242035300
        0.004983991213877
        0.000000003583003
       -0.000246005450663
        0.002331937958009
       -0.000000000624213
       -0.000337076328940
        0.000000000031867
        0.000000000002133
       -0.000000000004112
        0.002632427951449
        0.000948948187397
       -0.000346225452854
        0.004922312615722
        0.001232816614903
       -0.000214704918251
        0.009208033318383
        0.000961958962360
       -0.000295310226520
        0.012879641147812
        0.000787755047001
       -0.000373040710065
        0.017254975109906
        0.000808527120337
       -0.000438045368306
        0.022167884813008
        0.000865112899356
       -0.000488497175151
        0.027430307404405
        0.000408231902488
       -0.000512484422765
        0.022696651617781
       -0.000000002536660
       -0.000489855647471
        0.018291865744802
        0.000000035978048
       -0.000443713139145
        0.014410092233257
        0.000000057967636
       -0.000369250683245
        0.010981763137203
        0.000000030689718
       -0.000312997819519
        0.007582194552362
       -0.000801227585341
       -0.000226236394314
        0.004922310102893
       -0.001232814100370
       -0.000214701125237
        0.002632428731073
       -0.000948949876671
       -0.000346226984919
        0.000000000031867
       -0.000000000002133
       -0.000000000004112
        0.032693149464276
        0.000864907838456
       -0.000488158871630
        0.037605538149726
        0.000812198291044
       -0.000438778197751
        0.041968215536612
        0.000787508220450
       -0.000370527974965
        0.045618943993605
        0.000922053173457
       -0.000304881714505
        0.047268587381646
        0.000676775880118
       -0.000220670671228
        0.043886021648000
       -0.000000101180121
       -0.000319344365351
        0.040458079958902
       -0.000000128229812
       -0.000370519126694
        0.036569613500780
       -0.000000105418386
       -0.000443491478825
        0.032163578410840
       -0.000000067251392
       -0.000489671219658
        0.027430340225029
       -0.000408301685759
       -0.000512484396912
        0.022167949565145
       -0.000865115622173
       -0.000488495031524
        0.017255044037509
       -0.000808479112220
       -0.000438053564599
        0.012879700214986
       -0.000787604194388
       -0.000373021198998
        0.009207822500069
       -0.000961910957315
       -0.000295291957442
        0.047268595089207
       -0.000676942975258
       -0.000220677922485
        0.045618742589349
       -0.000922237568743
       -0.000304895896798
        0.041968275356790
       -0.000787800272898
       -0.000370550851049
        0.037605606862314
       -0.000812384989069
       -0.000438768952577
        0.032693214315700
       -0.000865044909728
       -0.000488161512364
        0.051553371378807
       -0.000000075909275
       -0.000071212398787
        0.049532892725947
       -0.000000079241948
       -0.000277488883621
        0.050172689307096
        0.000966903060922
       -0.000292012755020
        0.053308753081860
        0.000689042773423
       -0.000180906530641
        0.053963282669262
        0.001432062776323
       -0.000408016083703
        0.053963285716620
       -0.001432218430671
       -0.000408015449197
        0.053308760012887
       -0.000689193995883
       -0.000180904121060
        0.050172692675276
       -0.000967057530283
       -0.000292017264438
        0.004892088540309
        0.000719082205436
       -0.000193889139505
        0.002310355953966
        0.000394060441221
       -0.000354030323040
        0.010413797223765
        0.000606277968438
       -0.000293616358431
        0.013782354636748
        0.000419136198228
       -0.000384585723402
        0.017845944369890
        0.000401328925542
       -0.000446582791109
        0.022470921052240
        0.000418057040842
       -0.000495250630717
        0.002310355726416
       -0.000394059362183
       -0.000354029463357
        0.004892090756799
       -0.000719086568915
       -0.000193891226759
        0.044449425842057
        0.000572858072750
       -0.000301660054729
        0.041079987130131
        0.000421078357812
       -0.000383177777015
        0.037015075266504
        0.000403589301094
       -0.000446845821161
        0.032389475217953
        0.000418117830889
       -0.000494993190186
        0.010412549104439
       -0.000606625871332
       -0.000293611386155
        0.013781575413677
       -0.000419259630336
       -0.000384588491106
        0.017845727540243
       -0.000401366204915
       -0.000446581313520
        0.022470917766612
       -0.000418089601780
       -0.000495248358305
        0.044448188659202
       -0.000572685841881
       -0.000301666463988
        0.041079213176679
       -0.000421093462552
       -0.000383174513543
        0.037014858559070
       -0.000403691619329
       -0.000446847163542
        0.032389471895884
       -0.000418224453321
       -0.000494995524243
        0.052314716045530
        0.000301114196491
       -0.000278219829609
        0.049950208835459
        0.000412660011834
       -0.000254032830701
        0.049950214372475
       -0.000412805222377
       -0.000254029874995
        0.052314718928184
       -0.000301269512761
       -0.000278221065832
        0.006743738215032
        0.001312892322173
        0.000257536119918
        0.007881028323392
       -0.000000008492206
        0.000290431668215
        0.000000000031004
        0.000000000000000
        0.000000000003971
        0.000000000037507
        0.000000000007289
        0.000000000003887
        0.027430263133193
        0.000883207750997
        0.000506136460610
        0.027430237206643
       -0.000000034829504
        0.000506381674015
        0.006743730761012
       -0.001312898105793
        0.000257544065156
        0.000000000037507
       -0.000000000007289
        0.000000000003887
        0.048101720174480
        0.001130977337495
        0.000241733381276
        0.046927641336775
       -0.000000062208012
        0.000299175605766
        0.027430326891646
       -0.000883277307881
        0.000506136283014
        0.048101722143933
       -0.001131116767900
        0.000241725990972
        0.053877947099536
       -0.000000078847549
        0.000017784303940
        0.058011423915938
        0.002781671582441
        0.000184274695044
        0.058011430414644
       -0.002781829681928
        0.000184276364070
        0.007582186906681
        0.000801244429572
        0.000226242035300
        0.004983991213877
        0.000000003583003
        0.000246005450663
        0.002331937958009
       -0.000000000624213
        0.000337076328940
        0.000000000031867
        0.000000000002133
        0.000000000004112
        0.002632427951449
        0.000948948187397
        0.000346225452854
        0.004922312615722
        0.001232816614903
        0.000214704918251
        0.009208033318383
        0.000961958962360
        0.000295310226520
        0.012879641147812
        0.000787755047001
        0.000373040710065
        0.017254975109905
        0.000808527120337
        0.000438045368305
        0.022167884813007
        0.000865112899356
        0.000488497175149
        0.027430307404405
        0.000408231902488
        0.000512484422762
        0.022696651617780
       -0.000000002536660
        0.000489855647470
        0.018291865744802
        0.000000035978048
        0.000443713139144
        0.014410092233257
        0.000000057967636
        0.000369250683245
        0.010981763137203
        0.000000030689718
        0.000312997819519
        0.007582194552362
       -0.000801227585341
        0.000226236394314
        0.004922310102893
       -0.001232814100370
        0.000214701125238
        0.002632428731073
       -0.000948949876671
        0.000346226984919
        0.000000000031867
       -0.000000000002133
        0.000000000004112
        0.032693149464275
        0.000864907838457
        0.000488158871625
        0.037605538149725
        0.000812198291045
        0.000438778197744
        0.041968215536611
        0.000787508220451
        0.000370527974956
        0.045618943993604
        0.000922053173457
        0.000304881714493
        0.047268587381645
        0.000676775880119
        0.000220670671214
        0.043886021647999
       -0.000000101180121
        0.000319344365340
        0.040458079958901
       -0.000000128229812
        0.000370519126685
        0.036569613500779
       -0.000000105418386
        0.000443491478819
        0.032163578410839
       -0.000000067251392
        0.000489671219654
        0.027430340225029
       -0.000408301685759
        0.000512484396910
        0.022167949565145
       -0.000865115622173
        0.000488495031523
        0.017255044037509
       -0.000808479112220
        0.000438053564599
        0.012879700214986
       -0.000787604194388
        0.000373021198998
        0.009207822500069
       -0.000961910957315
        0.000295291957442
        0.047268595089205
       -0.000676942975258
        0.000220677922471
        0.045618742589348
       -0.000922237568743
        0.000304895896787
        0.041968275356789
       -0.000787800272898
        0.000370550851040
        0.037605606862313
       -0.000812384989069
        0.000438768952571
        0.032693214315699
       -0.000865044909727
        0.000488161512360
        0.051553371378805
       -0.000000075909275
        0.000071212398767
        0.049532892725946
       -0.000000079241948
        0.000277488883605
        0.050172689307095
        0.000966903060923
        0.000292012755003
        0.053308753081858
        0.000689042773423
        0.000180906530620
        0.053963282669261
        0.001432062776323
        0.000408016083680
        0.053963285716618
       -0.001432218430671
        0.000408015449174
        0.053308760012885
       -0.000689193995883
        0.000180904121041
        0.050172692675274
       -0.000967057530283
        0.000292017264422
        0.004892088540309
        0.000719082205436
        0.000193889139505
        0.002310355953966
        0.000394060441221
        0.000354030323040
        0.010413797223765
        0.000606277968438
        0.000293616358431
        0.013782354636748
        0.000419136198228
        0.000384585723401
        0.017845944369890
        0.000401328925542
        0.000446582791109
        0.022470921052239
        0.000418057040842
        0.000495250630716
        0.002310355726416
       -0.000394059362183
        0.000354029463357
        0.004892090756799
       -0.000719086568915
        0.000193891226759
        0.044449425842055
        0.000572858072750
        0.000301660054718
        0.041079987130130
        0.000421078357812
        0.000383177777007
        0.037015075266503
        0.000403589301094
        0.000446845821154
        0.032389475217952
        0.000418117830889
        0.000494993190181
        0.010412549104439
       -0.000606625871332
        0.000293611386155
        0.013781575413677
       -0.000419259630336
        0.000384588491106
        0.017845727540243
       -0.000401366204915
        0.000446581313520
        0.022470917766611
       -0.000418089601780
        0.000495248358303
        0.044448188659200
       -0.000572685841881
        0.000301666463977
        0.041079213176678
       -0.000421093462552
        0.000383174513535
        0.037014858559069
       -0.000403691619329
        0.000446847163536
        0.032389471895883
       -0.000418224453321
        0.000494995524239
        0.052314716045528
        0.000301114196491
        0.000278219829588
        0.049950208835457
        0.000412660011834
        0.000254032830684
        0.049950214372473
       -0.000412805222376
        0.000254029874978
        0.052314718928182
       -0.000301269512760
        0.000278221065812
